#OTU ID	A11	A21	A31	A41	A51	B11	B21	B31	B41	B51	C11	C21	C31	C41	C51	D11	D21	D31	D41	D51	E11	E21	E31	E51	F11	F21	F31	F41	F51
ASV_1	1716	3543	3473	3024	3407	2875	1455	2212	2239	2695	11478	9449	8026	10375	10992	11257	10680	8587	10472	10920	8436	12292	8460	11861	8577	8385	14112	12214	10226
ASV_10	1332	2085	1197	536	1754	1176	174	1038	2300	690	1661	713	1246	1398	467	1324	818	1660	935	1483	797	2768	3556	1165	1609	1374	1533	2481	1325
ASV_100	3200	140	1607	735	171	852	678	66	703	232	0	0	0	0	0	0	0	0	0	0	0	0	0	0	4	4	0	0	0
ASV_101	123	1610	259	326	174	963	14	395	80	91	198	7	0	3	4	330	7	8	0	27	17	34	61	0	0	1003	0	59	561
ASV_102	305	366	293	163	246	306	72	116	89	287	2	0	2	3	46	63	159	39	208	203	84	34	449	83	87	29	0	26	120
ASV_103	53	55	96	80	387	53	82	147	188	156	63	10	77	58	42	166	109	132	403	298	311	96	252	182	404	184	31	406	133
ASV_104	103	94	728	120	121	133	51	147	105	145	236	159	134	174	50	18	55	51	587	159	17	223	237	34	142	261	136	173	66
ASV_105	573	0	25	0	0	0	317	0	86	0	2	136	398	10	11	227	5	0	0	3	815	223	535	977	157	0	3	0	189
ASV_106	20	31	42	20	26	31	14	35	56	33	410	136	297	157	528	79	90	225	211	65	218	158	20	77	309	151	153	229	146
ASV_107	716	94	59	0	7	0	37	1883	9	54	2	83	32	0	4	0	0	0	14	0	0	0	0	9	0	4	0	0	0
ASV_108	255	136	874	3	92	1020	1209	0	321	11	7	23	7	3	27	18	2	8	24	24	15	0	40	0	0	7	0	7	0
ASV_109	1726	144	1042	329	89	404	273	147	549	160	14	0	0	7	0	7	5	0	0	0	17	16	0	0	0	7	0	26	405
ASV_11	825	869	1255	898	1479	1282	899	1321	1039	1231	1818	1684	2245	3012	2980	3614	1333	1951	1866	1881	1391	1860	641	1587	1882	1260	1319	2763	2278
ASV_110	931	70	607	289	115	306	835	232	114	541	43	13	47	171	8	207	313	66	235	127	172	577	101	25	73	162	97	33	193
ASV_111	0	0	0	0	0	0	0	0	0	0	19	0	0	342	23	0	0	8	556	6	620	577	202	281	58	0	233	29	10
ASV_112	119	0	113	60	13	169	821	8	9	25	2	265	74	58	4	18	52	0	1528	501	0	16	20	37	499	18	28	0	0
ASV_113	106	179	96	20	200	62	78	291	126	120	72	176	84	58	111	124	109	109	92	115	166	56	267	49	66	147	78	62	206
ASV_114	36	16	418	3	43	9	82	112	120	356	19	7	35	3	31	405	0	233	31	27	320	217	161	59	4	70	50	108	20
ASV_115	381	285	427	57	203	102	1223	105	163	850	5	0	7	14	8	67	7	171	82	15	32	220	81	37	69	18	25	10	169
ASV_116	311	858	213	339	361	275	95	85	182	222	41	136	151	58	27	34	25	16	17	44	6	6	86	25	11	4	8	3	7
ASV_117	17	39	109	37	26	1251	17	19	811	7	14	56	2	0	27	4	2	4	7	15	0	0	30	6	7	15	6	0	0
ASV_118	73	296	360	106	341	151	27	814	244	294	17	348	17	123	19	0	5	43	0	15	15	12	55	22	153	37	53	29	3
ASV_119	17	140	59	27	56	75	41	58	59	91	142	139	116	352	272	135	60	117	273	29	58	112	5	74	76	70	130	124	43
ASV_12	265	819	1498	705	1741	870	637	941	6315	1631	885	1830	2008	1921	2823	2362	1064	1108	808	2482	463	1147	535	1067	1238	764	777	930	927
ASV_120	215	0	987	885	0	169	1577	43	459	781	2	202	17	17	0	0	2	0	430	0	0	3	0	0	157	0	0	0	0
ASV_121	199	109	42	206	220	18	68	97	9	123	65	146	131	41	65	52	87	47	41	100	73	84	126	68	76	37	122	56	106
ASV_122	1425	16	84	3	13	18	576	3196	19	251	0	3	2	0	0	0	0	0	0	0	0	0	0	0	0	0	0	0	0
ASV_123	0	0	0	0	0	0	0	0	0	0	5	3	0	345	15	0	0	0	525	18	605	598	161	163	33	0	289	52	10
ASV_124	1001	179	126	180	144	177	882	128	185	305	31	7	10	65	4	182	5	70	75	44	29	189	40	6	69	22	11	20	40
ASV_125	17	78	33	60	62	40	24	39	142	76	198	119	188	72	149	49	119	159	150	35	102	81	5	77	120	206	175	167	136
ASV_126	23	144	142	47	131	115	112	108	163	134	270	189	203	359	360	299	102	206	297	80	73	143	15	139	149	92	186	190	103
ASV_127	10	136	75	90	62	18	3	124	3	7	0	10	215	41	0	0	129	0	7	313	47	28	10	207	40	834	14	383	43
ASV_128	33	324	255	233	331	186	140	248	580	338	542	381	532	308	436	335	410	373	454	180	259	338	30	213	335	555	500	566	475
ASV_129	156	160	356	223	207	311	112	198	204	185	108	143	111	89	84	110	55	43	61	71	55	307	166	62	131	162	133	164	73
ASV_13	103	487	402	269	367	195	123	271	333	352	4156	1717	2725	1432	3344	823	1820	2088	2364	796	2365	2096	560	1923	2665	2472	3104	2629	1681
ASV_130	13	51	67	33	30	58	44	50	59	76	198	146	161	441	233	157	47	187	334	29	99	158	35	74	76	114	92	82	37
ASV_131	7	109	0	3	0	1198	7	0	1162	0	48	33	45	126	11	445	60	54	44	112	55	12	25	0	40	275	8	13	379
ASV_132	10	55	50	27	36	31	27	46	305	87	272	212	339	215	417	85	85	121	89	53	52	96	5	52	218	125	89	79	63
ASV_133	480	733	276	469	944	0	0	0	0	0	0	0	0	0	0	0	0	0	0	0	0	0	0	0	0	0	0	0	0
ASV_134	467	16	699	50	62	328	916	97	0	2317	0	0	0	3	0	0	2	0	0	0	0	0	10	0	0	0	0	0	0
ASV_135	13	35	42	7	59	31	17	70	278	80	205	192	351	178	432	76	85	132	102	100	87	109	30	55	244	147	86	101	46
ASV_136	70	8	0	0	0	0	10	50	19	0	5	0	0	10	0	27	0	51	0	3	838	0	136	185	0	202	0	49	139
ASV_137	176	850	372	266	292	666	48	120	521	171	22	7	5	24	4	27	152	113	20	62	0	9	86	0	25	7	42	49	50
ASV_138	0	35	42	40	46	35	20	39	117	94	75	133	156	174	249	182	57	82	65	83	44	105	25	62	120	73	108	88	53
ASV_139	66	82	163	120	167	71	92	132	740	236	31	86	114	103	103	108	65	43	44	80	15	37	0	40	84	92	64	98	53
ASV_14	0	0	0	0	0	0	0	0	0	0	68	0	5	1784	38	4	2	19	2749	106	6493	5165	6074	3970	197	4	1158	118	40
ASV_140	404	495	8	692	0	177	1349	1367	25	7	5	0	2	3	11	79	5	4	0	3	3	65	0	3	4	162	0	0	7
ASV_141	0	0	0	0	0	40	0	0	0	0	0	0	0	0	4	0	12	0	0	0	9	16	10	986	40	242	0	1087	13
ASV_142	669	51	71	166	75	31	542	54	302	47	0	20	7	7	0	97	2	43	0	18	0	68	20	22	40	22	6	0	0
ASV_143	275	78	301	396	59	603	525	349	114	287	0	3	0	10	0	11	0	39	0	0	6	34	10	9	18	7	6	0	27
ASV_144	96	62	180	106	69	164	10	182	99	11	7	10	15	0	8	2	85	16	123	53	55	6	15	15	153	132	31	43	153
ASV_145	1822	199	4	216	361	0	51	178	6	69	22	7	0	0	0	189	50	8	208	71	6	0	10	12	109	312	0	0	10
ASV_146	583	125	25	842	52	31	1039	538	9	810	46	109	42	99	34	58	127	70	140	115	44	43	91	25	116	66	164	16	30
ASV_147	96	932	8	47	26	129	1138	794	3	105	43	36	27	7	77	310	87	101	259	74	38	124	5	43	84	698	930	69	30
ASV_148	3	51	4	13	16	31	0	112	0	44	113	222	148	133	57	40	5	54	136	24	265	87	600	0	0	7	3	95	76
ASV_149	152	168	222	57	167	67	7	105	31	134	246	20	22	17	4	18	75	31	157	153	346	31	333	166	33	151	19	111	50
ASV_15	689	986	1741	439	1843	1482	269	1220	937	592	1140	597	729	1224	914	3234	1489	1357	733	1851	1661	2468	1720	1948	910	804	947	1365	1335
ASV_150	0	0	0	0	0	0	0	0	0	0	10	0	2	267	8	0	0	8	338	0	582	431	106	157	40	0	183	20	3
ASV_151	782	187	222	196	154	129	593	116	167	298	29	7	17	31	0	184	2	47	58	88	17	143	40	28	127	22	14	62	43
ASV_152	83	113	46	502	157	129	44	147	123	607	133	30	15	62	84	38	62	35	14	24	79	9	50	55	62	44	42	52	10
ASV_153	719	70	159	978	16	129	347	167	37	294	0	0	0	0	0	0	0	0	0	0	0	0	0	0	0	0	0	0	0
ASV_154	7	16	8	10	10	9	0	15	28	18	393	70	185	120	367	31	80	187	211	9	198	102	5	120	167	202	297	134	80
ASV_155	510	160	406	599	341	293	399	167	287	385	0	3	0	0	0	0	0	0	0	0	0	0	0	0	0	0	0	0	0
ASV_156	490	74	423	269	272	1211	548	368	225	418	2	0	2	0	0	4	0	0	0	3	0	0	0	0	0	0	0	7	0
ASV_157	20	94	25	0	20	13	58	93	210	73	12	7	45	14	19	58	102	451	75	88	102	47	50	46	76	147	180	98	76
ASV_158	17	86	197	47	177	62	82	190	712	272	121	249	235	390	451	303	40	86	119	56	35	105	10	52	127	33	50	147	63
ASV_159	186	51	8	60	69	106	412	116	19	174	27	365	49	38	8	92	191	132	3	44	253	25	86	166	36	114	92	137	3
ASV_16	17	12	13	23	10	27	24	19	9	156	1671	2217	692	2653	2085	3539	2636	2982	385	905	1149	6	484	12	3826	2240	3279	930	1026
ASV_160	20	23	4	10	26	9	7	15	3	11	19	63	89	150	50	76	119	27	38	83	241	180	91	139	18	77	17	75	40
ASV_161	0	0	0	0	0	0	0	0	0	0	0	0	0	232	0	0	0	0	334	9	381	363	217	213	18	0	219	29	7
ASV_162	109	105	372	216	46	271	164	244	68	182	5	7	183	65	42	0	25	0	27	29	0	47	45	52	164	33	31	36	143
ASV_163	60	97	146	136	134	169	48	198	12	94	39	0	12	0	19	16	45	4	246	115	207	43	146	92	84	235	8	252	27
ASV_164	285	86	100	289	98	404	600	666	62	748	55	70	32	34	42	337	70	51	20	47	512	87	182	6	47	272	205	39	43
ASV_165	613	265	8	0	397	0	623	12	891	0	0	0	0	0	0	0	0	0	0	0	0	0	0	0	0	0	0	0	0
ASV_166	53	12	184	10	262	80	7	74	244	22	22	60	37	27	19	198	17	19	92	221	23	50	30	34	69	107	19	36	7
ASV_167	620	39	305	339	253	160	487	1019	268	36	0	3	0	0	0	0	0	0	0	0	0	0	0	0	0	0	0	0	0
ASV_168	106	452	339	0	95	169	27	659	52	120	99	36	57	65	4	7	15	4	17	44	3	146	116	22	47	44	33	79	60
ASV_169	23	62	25	23	30	49	34	112	108	54	253	113	153	147	333	67	30	124	167	41	105	115	10	62	142	121	100	141	73
ASV_17	232	600	858	296	830	998	1025	1298	1110	781	907	2360	915	3210	1037	2020	632	1186	1668	805	431	908	267	872	400	540	505	462	349
ASV_170	7	31	84	33	52	0	10	19	151	25	84	17	15	181	119	146	147	132	0	50	93	146	484	321	98	40	336	39	591
ASV_171	30	39	67	3	105	93	37	85	19	76	70	36	82	140	69	112	196	35	65	103	393	167	146	92	55	103	58	137	159
ASV_172	93	16	117	3	16	71	160	46	31	381	2	13	15	27	54	101	15	128	14	12	489	28	172	3	4	33	11	33	13
ASV_173	46	133	167	196	66	62	17	279	89	22	2	20	0	10	15	0	221	4	287	53	6	0	25	0	47	15	86	62	33
ASV_174	30	242	67	216	216	106	41	457	6	127	60	40	45	113	161	76	35	105	27	32	35	62	182	99	36	37	83	43	50
ASV_175	27	8	59	33	36	253	204	93	19	461	34	23	15	55	38	160	40	43	41	29	64	124	86	46	266	22	25	52	242
ASV_176	43	35	25	3	46	22	27	85	28	40	60	66	22	34	31	117	50	70	85	97	247	81	232	99	95	180	61	46	173
ASV_177	43	39	96	86	89	120	20	50	68	73	31	66	15	27	19	34	22	19	10	27	23	65	86	40	80	66	25	79	40
ASV_178	80	1232	222	30	216	368	7	50	207	240	7	7	0	21	84	2	0	0	7	0	0	3	71	3	0	4	0	0	3
ASV_179	239	8	42	123	20	31	82	0	34	0	0	0	17	79	19	22	25	229	20	29	9	34	106	43	95	70	61	33	113
ASV_18	103	417	188	133	233	164	65	186	290	193	3166	1296	2089	1073	2598	542	1422	1594	1900	734	1815	1510	580	1526	2130	1715	2179	1951	1232
ASV_180	53	214	67	37	79	62	44	240	123	91	130	46	17	89	19	13	0	39	24	44	29	62	71	15	15	7	11	10	3
ASV_181	27	62	46	20	20	40	7	46	89	47	154	149	181	147	187	54	35	101	198	53	99	96	10	68	124	73	69	98	80
ASV_182	20	121	163	90	125	115	65	81	173	142	258	143	185	198	310	225	211	171	304	136	192	229	35	148	171	213	280	318	252
ASV_183	3	0	285	166	0	728	235	50	222	0	0	126	2	0	0	0	0	0	44	0	0	0	0	0	266	0	14	0	0
ASV_184	56	35	38	43	197	31	89	105	46	69	376	143	54	41	191	79	27	144	48	74	148	6	45	9	11	286	103	10	10
ASV_185	70	249	222	213	302	164	78	225	278	258	424	242	349	273	520	351	313	311	430	159	166	332	50	194	342	397	483	514	432
ASV_186	3	0	0	0	0	0	2954	66	3	7	0	0	0	0	8	9	2	0	10	0	0	16	0	0	0	0	0	0	0
ASV_187	0	0	0	0	0	0	0	0	0	0	0	0	0	0	0	0	0	0	0	0	81	477	202	271	84	103	86	488	186
ASV_188	606	437	13	1417	33	9	831	74	3	7	17	60	294	31	161	171	159	43	116	85	38	62	91	170	197	422	136	59	136
ASV_189	222	47	75	186	89	155	395	120	108	134	53	36	25	51	4	92	15	4	82	47	55	140	91	176	171	147	50	95	93
ASV_19	209	460	176	146	557	1646	164	620	3235	1275	627	1104	675	899	562	787	1567	758	181	1288	15	59	66	59	1143	1157	1952	1588	239
ASV_190	10	35	63	27	33	27	31	43	43	40	111	70	74	147	207	115	37	86	130	38	23	74	15	46	76	77	97	85	50
ASV_191	248	129	276	386	66	146	129	89	68	149	24	27	82	72	42	200	82	109	55	88	79	133	86	111	186	55	150	82	133
ASV_192	30	19	8	17	13	4	0	19	15	15	154	20	94	68	122	79	27	54	85	18	47	121	10	43	135	77	53	147	53
ASV_193	30	43	88	60	72	106	58	97	46	80	260	89	213	215	386	205	57	206	222	74	131	195	25	83	186	132	183	232	169
ASV_194	20	140	172	70	210	120	123	267	262	214	99	89	104	226	145	164	57	159	113	41	44	78	10	46	87	84	111	111	113
ASV_195	3	0	0	0	3	0	106	4	0	0	2	0	0	0	11	2	17	0	0	0	1382	0	257	0	0	0	0	7	3
ASV_196	36	8	13	13	0	40	20	12	15	15	12	23	49	65	23	245	30	113	109	68	303	223	91	43	200	136	67	52	143
ASV_197	0	0	0	0	0	0	0	0	0	0	24	0	0	161	23	0	0	4	433	0	829	477	288	358	62	0	180	29	3
ASV_198	66	8	13	7	3	22	44	23	15	18	5	27	54	27	0	494	40	35	3	18	0	381	35	43	98	4	100	75	153
ASV_199	99	249	222	136	92	164	68	256	111	116	275	50	40	75	19	9	92	78	92	277	137	37	303	52	47	114	69	88	23
ASV_2	2369	11054	9887	9756	17570	8106	5669	10184	17647	9967	3944	5873	4646	4751	4052	9115	7716	4575	4390	8815	2787	4446	2815	3656	3400	6321	5195	6773	9625
ASV_20	401	861	937	469	1043	1136	1070	1453	1301	1119	923	577	833	1237	1725	1330	453	708	733	593	672	797	267	539	761	507	575	1015	963
ASV_200	361	31	46	47	30	111	211	1298	6	193	29	0	5	48	11	43	60	4	0	59	61	59	182	28	33	73	6	98	7
ASV_201	33	35	59	57	79	58	37	97	52	76	190	103	205	185	295	193	80	183	136	50	116	136	15	96	149	136	106	262	183
ASV_202	408	183	42	1241	817	27	24	39	22	84	2	7	7	14	34	11	2	12	10	3	3	19	15	15	0	7	0	10	7
ASV_203	20	90	42	10	62	35	24	62	74	44	342	232	250	359	333	52	77	187	280	35	122	96	30	123	171	143	125	98	50
ASV_204	0	35	25	3	30	4	3	19	120	51	77	80	146	62	130	27	62	43	55	38	35	34	5	43	106	55	64	75	30
ASV_205	89	82	272	0	82	44	48	19	157	22	12	3	10	0	23	99	219	78	82	112	102	16	166	197	11	73	31	190	3
ASV_206	36	144	92	356	79	102	27	155	157	54	84	17	91	55	210	142	109	105	75	262	116	53	222	139	58	209	133	232	73
ASV_207	27	4	310	57	105	138	34	70	49	80	2	66	37	41	4	4	0	0	65	153	0	136	0	40	62	0	3	105	86
ASV_208	10	90	33	10	30	49	44	27	142	65	125	129	84	222	222	103	27	105	113	44	67	81	10	86	69	77	78	88	50
ASV_209	1010	51	364	419	253	146	712	136	96	280	0	3	2	0	4	0	5	0	3	0	6	3	0	0	4	4	0	0	0
ASV_21	5105	503	59	828	239	528	1216	1460	40	719	34	189	321	393	203	1040	104	816	447	310	1088	1953	893	308	517	103	255	278	242
ASV_210	318	19	46	70	33	195	262	50	43	280	24	53	5	62	4	103	40	105	17	83	55	47	101	52	69	7	31	39	40
ASV_211	696	203	75	126	292	9	0	46	71	269	24	33	7	21	23	2	17	12	38	12	0	12	10	9	33	15	14	36	0
ASV_212	13	94	159	60	105	133	146	232	839	280	130	189	279	513	574	312	42	144	92	62	44	121	0	49	146	88	78	115	43
ASV_213	43	82	33	83	20	319	184	58	65	51	5	10	35	3	11	43	25	58	17	32	337	16	76	43	7	18	11	3	53
ASV_214	1083	39	126	1251	16	231	879	267	19	403	2	0	0	0	0	0	0	4	0	0	0	0	0	0	0	0	0	0	0
ASV_215	13	43	13	17	30	22	27	23	46	22	87	80	79	157	157	99	30	51	99	21	49	96	15	46	109	44	67	82	63
ASV_216	30	105	71	43	43	31	37	70	37	33	53	60	79	31	77	83	97	47	41	85	67	158	76	126	69	33	50	46	76
ASV_217	20	35	50	37	46	53	17	15	19	44	125	143	104	236	142	108	32	124	160	21	55	87	0	52	87	73	97	101	40
ASV_218	50	148	707	120	279	169	910	713	160	142	58	50	27	3	96	47	32	27	3	32	9	34	81	18	4	110	103	82	20
ASV_219	3	4	4	7	13	0	0	31	0	65	815	136	111	92	4	2	12	311	744	9	70	0	0	6	15	11	158	69	0
ASV_22	3290	858	3481	2714	1026	1185	508	66	15	218	7	302	279	21	23	67	2337	3448	1092	711	41	47	1503	2361	2363	2024	19	386	1677
ASV_220	60	90	63	17	16	27	7	15	25	15	207	182	94	103	96	99	67	121	82	74	192	78	96	37	124	283	50	144	53
ASV_221	497	90	130	180	115	93	446	62	31	247	0	3	2	3	0	36	0	12	17	6	38	78	30	77	29	0	11	10	30
ASV_222	464	164	4	419	66	80	531	232	6	58	0	0	2	0	0	0	0	4	0	0	0	0	0	0	0	0	0	0	0
ASV_223	50	62	276	768	66	568	133	54	216	142	0	0	0	0	0	0	2	0	3	0	3	25	35	0	0	4	6	0	0
ASV_224	20	39	38	10	33	40	14	39	56	15	186	86	136	120	230	49	70	179	113	62	84	105	5	74	153	99	114	144	83
ASV_225	7	43	33	13	20	93	31	108	120	109	19	30	25	3	0	9	15	4	0	15	64	118	399	207	47	37	31	43	133
ASV_226	374	113	766	43	75	191	143	81	31	120	34	3	20	123	107	22	152	43	20	746	81	19	50	37	58	195	58	59	53
ASV_227	219	179	0	659	92	0	0	0	361	0	19	152	106	24	122	83	67	128	164	83	3	6	0	0	648	1153	364	337	146
ASV_228	13	27	17	23	10	44	44	155	102	69	17	30	25	3	11	2	20	4	0	18	29	180	237	197	33	18	31	20	90
ASV_229	20	97	21	43	203	35	44	217	12	123	415	517	346	496	157	391	443	906	692	304	346	220	111	444	775	367	625	547	359
ASV_23	4055	507	1594	11612	351	2764	1414	205	339	690	82	401	225	1289	119	76	137	591	239	74	913	964	1468	228	240	77	56	56	335
ASV_230	3	4	0	0	0	0	0	0	0	4	60	60	74	65	122	153	152	51	44	65	58	40	106	37	29	70	83	65	143
ASV_231	341	47	33	336	16	297	259	147	3	182	0	0	0	0	0	0	0	0	0	0	0	0	0	0	0	0	0	0	0
ASV_232	311	66	372	57	203	697	78	43	216	22	0	0	0	3	0	2	0	0	3	0	0	0	5	0	0	7	0	0	0
ASV_233	172	183	4	3	0	0	1363	0	0	0	0	0	0	0	0	0	0	0	0	0	0	0	0	0	0	0	0	0	0
ASV_234	63	97	54	160	46	146	58	39	28	73	27	7	52	7	11	54	22	4	20	35	35	19	5	37	33	84	19	62	43
ASV_235	56	39	100	20	125	31	55	101	25	120	89	17	121	41	8	4	80	292	82	9	3	40	61	89	15	18	6	3	20
ASV_236	23	156	71	86	262	22	3	12	0	163	0	0	0	0	0	0	0	0	0	3	47	0	20	0	0	0	6	0	0
ASV_237	13	31	13	7	36	18	14	27	43	18	17	20	45	27	11	54	70	12	7	21	6	22	71	15	36	29	50	43	53
ASV_238	43	70	59	23	125	58	27	43	62	54	12	50	37	27	8	52	10	39	58	56	61	50	101	59	33	84	31	49	86
ASV_239	27	113	63	57	115	89	3	39	22	4	58	23	42	27	65	29	226	8	17	192	49	47	232	55	29	77	14	26	50
ASV_24	113	78	46	233	92	13	126	213	6	668	4793	1074	940	496	115	52	47	1458	3626	9	733	19	318	55	84	7	739	288	3
ASV_240	232	35	126	103	105	710	204	93	102	163	19	20	94	31	27	18	15	16	0	9	212	127	35	108	113	173	92	147	63
ASV_241	3	23	29	3	36	18	3	19	126	22	84	50	96	68	275	29	47	23	27	29	32	65	10	28	113	51	44	62	30
ASV_242	13	39	397	13	33	333	0	27	691	4	5	0	0	3	19	2	0	0	7	0	0	6	0	0	0	7	0	7	3
ASV_243	7	16	4	0	16	18	3	0	28	22	130	30	87	55	214	27	25	78	123	6	58	56	5	15	113	40	67	59	33
ASV_244	89	78	8	60	10	31	337	2169	12	15	0	3	7	0	0	4	0	4	3	0	3	3	0	3	4	18	3	0	3
ASV_245	46	133	0	53	3	9	72	66	0	4	94	454	428	615	310	27	109	19	512	35	602	400	40	160	233	415	31	98	100
ASV_246	13	101	67	47	115	106	41	97	130	69	494	292	376	301	589	142	134	315	338	74	233	195	50	253	284	206	217	249	216
ASV_247	7	4	0	7	0	71	0	4	3	4	29	136	47	106	27	7	0	0	3	0	3	341	45	117	62	0	42	20	60
ASV_248	17	8	8	10	7	31	20	8	12	11	19	23	52	44	8	222	27	62	119	24	314	217	116	40	146	140	64	62	100
ASV_249	53	66	13	7	20	22	0	4	6	18	96	13	40	58	34	36	331	62	48	177	47	6	35	15	33	140	61	262	20
ASV_25	378	12	50	3	1076	772	606	85	12	5659	745	10	166	820	891	4614	301	1112	174	938	841	1107	585	336	4019	977	897	753	203
ASV_250	0	0	0	0	0	0	0	0	0	0	17	0	2	516	8	0	0	0	539	3	489	552	66	207	62	0	194	43	3
ASV_251	278	35	121	329	13	177	170	58	80	243	31	40	7	27	31	22	37	19	96	12	87	53	55	34	73	22	158	10	113
ASV_252	484	4	21	7	13	1220	3	0	3	4	0	0	22	3	0	22	62	8	0	12	17	0	5	0	40	4	3	3	56
ASV_253	245	4	364	47	46	58	201	4	321	84	7	0	0	7	0	0	0	4	14	3	0	0	0	0	0	4	6	3	10
ASV_254	401	152	318	476	262	666	651	387	62	614	36	66	74	103	96	209	82	66	61	106	294	174	383	80	113	73	81	79	136
ASV_255	222	203	4	27	0	4	2875	85	3	4	0	0	0	0	0	0	0	0	0	0	0	0	0	0	0	0	0	0	0
ASV_256	550	35	71	146	52	9	337	337	0	240	5	0	0	0	0	0	2	0	0	0	0	0	0	0	0	4	0	0	3
ASV_257	182	105	138	23	33	80	146	143	65	127	0	3	12	7	11	13	7	16	17	9	17	37	91	15	40	29	6	3	13
ASV_258	20	12	38	17	46	22	10	27	31	25	17	36	52	24	0	65	90	19	3	9	6	16	106	25	25	18	47	62	40
ASV_259	13	31	4	53	10	4	0	39	56	7	65	43	32	7	19	9	97	27	31	41	93	3	45	18	87	33	3	128	130
ASV_26	166	343	406	196	210	364	235	372	379	461	1261	673	880	1542	1607	861	172	917	1197	233	660	787	116	391	885	558	836	1067	402
ASV_260	3	31	4	0	56	0	1277	8	6	0	0	0	2	17	0	11	67	241	14	24	271	102	15	68	0	973	3	10	10
ASV_261	30	179	0	17	7	0	48	128	0	0	39	295	398	297	191	0	194	8	501	35	495	465	111	370	120	397	17	105	203
ASV_262	3	0	4	20	0	0	0	0	0	0	2	391	64	7	61	34	87	31	41	94	3	9	35	342	7	44	92	26	50
ASV_263	0	27	0	17	3	0	3	8	0	7	0	17	49	58	8	27	2	179	89	6	79	68	837	34	0	0	0	0	0
ASV_264	1083	47	163	522	105	1087	756	341	96	505	58	56	119	243	42	61	82	16	61	24	64	56	96	31	109	51	17	33	27
ASV_265	265	94	117	40	223	93	293	132	37	236	0	3	0	3	0	0	0	0	0	0	0	0	0	0	0	0	0	0	3
ASV_266	3	355	155	20	43	27	3	8	25	15	0	0	0	0	0	0	194	0	3	94	0	0	121	290	0	0	0	3	0
ASV_267	252	43	38	17	85	71	112	232	96	120	0	0	0	0	0	20	0	8	3	6	41	47	50	6	0	7	0	3	10
ASV_268	46	16	38	13	7	49	41	54	3	47	17	30	20	17	11	34	45	51	17	9	61	50	20	15	69	29	61	13	20
ASV_269	66	464	414	196	298	386	344	542	820	458	176	282	289	441	321	299	85	245	348	65	99	149	0	77	157	209	139	196	136
ASV_27	580	292	414	13	174	4	17	101	0	98	1362	0	0	0	0	22	2648	486	7	254	4887	208	1201	1190	521	404	2429	52	1930
ASV_270	30	207	155	86	253	102	27	143	278	160	427	205	368	161	371	130	316	295	314	139	186	229	81	173	251	518	325	291	359
ASV_271	13	226	155	67	449	9	0	77	25	105	0	0	0	0	0	0	0	0	0	0	0	0	0	0	0	0	0	0	0
ASV_272	60	43	92	17	72	18	20	19	6	65	22	17	27	17	8	40	17	31	75	21	73	50	35	22	40	51	8	36	20
ASV_273	53	327	326	333	285	288	140	291	373	287	410	355	388	407	509	351	296	330	464	153	224	338	96	176	309	430	425	537	359
ASV_274	13	125	71	43	131	71	10	85	123	54	253	116	247	137	176	94	231	144	171	106	169	177	101	194	153	162	217	170	179
ASV_275	33	0	54	10	3	71	327	8	9	4	0	99	20	3	4	4	20	8	529	100	0	3	5	3	160	7	6	0	0
ASV_276	13	8	4	10	13	9	0	12	3	0	43	13	37	72	88	52	10	31	38	21	41	40	5	34	36	40	28	59	30
ASV_277	7	12	42	20	13	4	7	12	15	15	17	7	15	27	42	36	25	31	41	56	26	56	10	77	11	55	31	59	56
ASV_278	13	4	0	27	13	27	0	143	0	18	82	33	32	17	88	67	37	16	38	18	26	65	151	126	36	70	50	26	53
ASV_279	56	66	25	233	82	31	238	54	25	182	10	30	47	3	15	175	25	101	0	32	76	16	35	89	142	33	33	39	163
ASV_28	351	569	13	1038	394	0	3	0	1511	0	41	1163	1711	103	815	474	408	439	522	1961	17	16	106	0	2148	3530	1369	1918	1056
ASV_280	13	16	17	13	36	22	17	35	9	22	70	27	62	75	115	79	25	35	34	12	49	50	5	34	55	40	36	95	66
ASV_281	56	8	13	7	23	93	20	31	15	29	14	10	25	27	27	61	15	0	10	9	218	22	86	31	51	59	94	29	53
ASV_282	0	4	54	23	26	31	10	15	12	40	14	3	25	17	4	40	10	23	34	53	15	47	5	37	33	29	14	39	23
ASV_283	0	0	0	0	0	160	0	46	56	29	41	103	27	34	34	9	102	62	48	21	111	22	81	59	66	70	50	10	60
ASV_284	13	31	42	13	46	62	58	50	52	36	80	96	101	185	126	110	40	70	181	21	52	62	15	71	25	29	69	56	50
ASV_285	30	0	46	0	20	4	10	0	25	11	118	169	232	164	77	52	293	171	3	162	244	68	15	123	233	441	225	180	196
ASV_286	86	12	13	116	7	22	92	4	12	22	123	232	106	328	310	301	169	315	85	59	195	37	35	15	572	268	450	88	106
ASV_287	613	47	13	30	13	0	405	46	6	138	2	0	7	3	0	38	0	39	68	27	23	99	30	43	58	18	0	13	10
ASV_288	298	66	96	402	171	275	722	322	19	425	24	3	0	0	0	2	0	0	92	0	3	3	5	0	11	0	3	0	0
ASV_289	20	19	13	3	3	31	37	58	62	145	7	13	5	3	4	27	20	233	51	9	3	9	55	37	7	29	130	95	37
ASV_29	328	265	276	206	541	266	24	151	136	214	494	225	539	646	815	937	301	595	416	537	425	623	237	509	626	448	378	815	780
ASV_290	321	43	38	180	59	35	208	46	6	120	7	10	2	21	0	38	2	35	17	15	17	9	20	12	91	7	11	10	27
ASV_291	152	78	142	7	43	35	211	23	40	178	10	3	0	0	0	49	7	4	10	6	15	56	25	15	29	26	0	10	0
ASV_292	73	207	565	70	272	213	10	124	31	33	46	46	17	51	27	25	50	62	61	32	41	16	40	9	40	125	50	49	20
ASV_293	23	47	88	47	125	0	0	178	509	62	0	0	0	0	0	0	0	0	0	0	0	0	0	0	0	4	0	0	0
ASV_294	96	27	71	86	16	271	181	170	77	258	31	10	12	10	0	7	87	0	0	41	15	0	35	9	22	11	28	10	66
ASV_295	199	58	96	17	23	102	160	35	37	123	12	0	2	10	23	43	0	39	10	44	26	22	35	0	7	7	0	0	10
ASV_296	3	58	0	10	3	0	10	43	0	0	36	404	537	195	138	2	72	4	126	29	160	338	116	216	40	66	6	49	70
ASV_297	40	187	301	143	213	177	116	256	355	298	174	66	173	246	314	236	90	140	164	80	81	174	20	40	138	165	158	334	226
ASV_298	17	55	46	7	43	4	0	62	34	40	383	83	138	96	168	67	50	190	300	62	76	62	25	89	226	95	192	190	116
ASV_299	20	35	21	47	43	31	20	27	83	54	84	66	74	44	77	65	72	70	55	44	29	50	15	37	58	88	69	108	83
ASV_3	126	1181	347	459	3896	191	255	2348	179	904	7823	10649	3311	5869	1806	6978	11747	15013	10435	19897	3104	2297	3713	9965	8365	3482	10250	9938	7323
ASV_30	229	265	469	339	603	200	24	170	157	272	506	272	564	581	868	978	440	509	307	637	457	632	232	502	637	419	475	864	784
ASV_300	7	12	0	10	7	4	7	8	28	11	118	53	64	55	115	18	10	54	61	3	61	53	10	49	106	40	42	29	27
ASV_301	53	97	13	27	79	31	34	178	46	29	58	103	232	167	184	270	75	47	96	44	250	257	71	176	116	118	72	170	70
ASV_302	13	90	29	7	39	27	31	31	83	36	258	123	210	109	287	70	55	155	184	44	87	109	10	49	153	107	94	88	53
ASV_303	0	0	0	0	0	0	0	0	0	0	5	3	7	34	0	216	20	35	24	121	0	19	454	9	0	0	0	10	0
ASV_304	10	0	13	17	26	0	3	19	0	7	2	3	35	0	4	115	80	241	3	103	17	34	0	6	47	29	31	0	23
ASV_305	245	144	0	0	128	0	228	0	333	0	0	0	0	0	0	0	0	0	0	0	0	0	0	0	0	0	0	0	0
ASV_306	43	242	289	210	289	200	109	229	348	269	453	255	349	383	627	321	271	350	498	180	209	291	50	182	317	496	514	615	345
ASV_307	345	55	130	130	98	67	644	213	65	200	0	3	0	3	0	7	0	4	7	9	12	9	10	6	18	7	8	3	3
ASV_308	23	144	42	13	23	31	85	54	9	22	0	0	2	0	0	0	0	23	0	3	0	37	15	3	207	7	0	13	23
ASV_309	209	43	67	67	30	106	198	35	15	73	0	0	0	3	0	29	0	0	0	6	0	31	5	0	4	0	0	0	3
ASV_31	66	316	188	53	164	133	102	194	284	218	1191	550	1071	759	1366	292	261	692	802	177	605	459	66	391	717	624	472	566	425
ASV_310	36	94	59	50	134	75	65	112	197	109	260	199	210	246	352	90	90	202	160	53	90	164	15	105	171	132	133	101	90
ASV_311	275	31	4	30	10	0	296	12	0	36	31	50	10	21	11	2	52	4	3	15	73	25	76	12	0	51	28	10	7
ASV_312	20	136	222	150	223	89	112	167	1440	432	63	139	176	167	207	180	75	51	72	77	20	74	0	43	106	125	50	79	46
ASV_313	371	113	29	37	46	49	317	23	56	40	7	0	0	3	0	54	2	4	7	18	44	53	20	6	4	4	3	3	13
ASV_314	192	74	33	146	134	89	170	93	49	80	0	0	0	0	0	0	0	0	0	0	0	0	0	0	0	0	0	7	0
ASV_315	272	55	46	77	56	18	283	66	31	113	0	0	2	3	8	27	0	8	0	9	15	31	10	6	40	18	3	3	23
ASV_316	13	16	54	3	30	13	0	8	9	7	58	17	59	27	99	56	42	51	44	15	44	56	5	31	87	48	58	85	56
ASV_317	73	35	113	86	102	75	20	66	71	87	34	17	12	21	27	31	15	8	38	12	29	25	40	18	18	33	25	20	40
ASV_318	13	70	92	53	59	53	0	182	52	40	2	83	0	34	8	0	5	8	0	12	3	6	15	6	40	26	6	0	0
ASV_319	149	39	117	183	108	138	317	89	108	73	0	0	0	0	0	0	0	0	0	0	0	0	0	0	0	0	0	0	0
ASV_32	56	0	218	23	210	13	31	12	93	76	473	835	509	444	356	220	1191	435	0	1162	736	198	156	552	575	1179	700	563	731
ASV_320	30	109	146	27	128	53	20	325	133	109	5	199	7	72	15	4	5	12	0	9	0	6	20	12	62	22	22	3	3
ASV_321	106	109	255	40	105	195	31	116	99	120	77	86	15	48	31	22	42	206	82	12	148	37	232	28	40	92	64	29	23
ASV_322	3	23	130	50	89	53	37	58	527	127	22	66	84	72	149	112	57	62	31	35	17	84	15	25	36	33	50	49	56
ASV_323	109	105	42	213	52	399	61	43	74	73	0	0	2	0	0	0	17	0	0	3	0	0	0	3	0	26	0	26	53
ASV_324	10	47	92	43	85	18	7	81	114	58	113	56	114	133	149	99	104	54	99	44	79	93	25	52	91	107	111	134	120
ASV_325	43	195	155	160	190	253	164	263	395	251	87	113	153	267	237	202	42	128	82	29	61	65	10	49	95	95	108	128	56
ASV_326	0	27	54	43	30	213	174	376	0	87	77	0	5	0	207	38	42	8	0	15	12	74	20	55	44	7	167	26	30
ASV_327	10	8	21	10	13	18	10	12	22	11	63	63	79	89	99	45	12	31	51	18	44	43	0	31	55	48	58	39	37
ASV_328	17	94	71	43	98	71	65	70	278	105	48	109	79	209	134	128	15	70	75	44	55	71	10	31	73	51	42	33	37
ASV_329	30	62	13	0	20	22	24	89	0	11	68	119	297	171	138	110	60	16	106	18	224	381	30	163	40	77	6	95	46
ASV_33	1199	1984	941	599	1243	217	313	767	450	748	188	83	77	85	130	506	85	474	300	472	355	388	1680	102	433	771	194	144	365
ASV_330	0	8	4	0	10	9	0	4	15	36	128	50	109	51	161	16	17	74	150	0	41	31	0	28	84	40	75	124	40
ASV_331	3	47	50	23	56	27	31	54	89	51	19	36	32	48	34	47	15	19	41	12	3	25	5	0	11	4	14	29	43
ASV_332	3	16	8	13	36	4	3	19	31	4	70	63	131	75	126	25	37	86	119	24	76	37	5	40	51	59	53	46	43
ASV_333	3	47	0	27	10	0	3	8	3	0	0	186	549	17	207	2	20	12	126	27	58	16	0	9	73	264	19	151	53
ASV_34	129	27	92	27	30	67	34	19	86	18	338	23	37	1302	444	461	719	630	10	366	2694	2868	873	1609	2650	1840	419	1250	807
ASV_35	1355	4155	1130	1114	1485	1517	477	333	1027	1032	248	630	687	243	92	216	147	97	82	192	44	84	540	123	47	51	50	29	43
ASV_36	490	717	456	196	685	271	48	159	463	160	405	169	349	356	157	330	194	400	167	380	163	530	777	219	430	364	450	681	415
ASV_37	10	86	280	20	144	4	3	0	3	44	834	1183	663	718	1094	146	209	280	662	784	20	552	1397	604	684	661	1094	1080	50
ASV_38	43	109	71	40	89	53	14	43	80	62	988	461	749	393	922	245	500	661	559	254	422	552	283	764	692	610	922	651	608
ASV_39	46	304	255	150	462	581	651	705	623	516	357	839	324	1060	406	760	167	439	512	315	151	282	96	302	135	217	186	167	90
ASV_4	928	2647	1280	941	2433	1251	545	1278	2041	1162	9340	7341	8395	3459	7200	2663	9412	6605	4834	9013	6830	5540	7537	10206	6986	6831	6602	5971	7758
ASV_40	50	97	109	30	102	75	20	54	130	94	1104	537	729	407	1014	283	716	591	740	345	634	651	318	826	823	639	897	717	595
ASV_41	0	0	0	0	0	0	0	0	0	0	0	0	0	7	0	0	0	0	0	0	1303	1727	7411	2296	0	0	0	0	3
ASV_42	1156	3715	1088	1154	3830	0	0	0	0	0	0	0	0	0	0	0	0	0	0	0	0	0	0	0	0	0	0	0	0
ASV_43	404	226	540	2854	180	1877	4377	229	250	4093	2	3	0	0	0	0	0	0	0	0	0	0	5	0	0	0	0	3	0
ASV_44	1587	2428	1092	1610	3210	0	3	0	0	0	5	3	0	0	0	0	0	0	0	0	3	3	0	9	7	7	6	13	7
ASV_45	596	125	690	1174	59	617	1029	147	308	1300	12	17	27	38	15	47	42	801	20	9	0	19	0	0	309	33	47	16	33
ASV_46	10	97	0	0	400	0	2592	4	0	0	2	3	5	34	8	70	279	801	72	277	733	313	131	358	0	3643	19	49	56
ASV_47	149	234	172	57	285	191	143	147	256	323	75	255	299	167	80	353	545	152	82	233	55	143	873	225	218	279	483	380	395
ASV_48	66	175	197	77	105	204	78	120	108	193	576	341	410	673	800	420	124	439	638	118	262	409	50	222	382	268	422	517	276
ASV_49	63	168	172	73	85	155	106	85	130	134	480	355	317	598	647	456	184	354	478	147	189	381	61	268	273	180	369	498	302
ASV_5	1107	4058	2523	1321	2341	2915	2896	3653	3432	2412	2165	3997	2196	5480	2747	3987	1368	2546	2712	1993	1225	1891	731	1890	1318	1319	1338	1437	1378
ASV_50	292	195	134	160	108	102	140	27	1736	113	14	17	0	24	4	38	40	16	31	9	201	78	81	71	11	202	14	128	5533
ASV_51	186	144	0	53	154	4	375	205	3	436	227	282	544	458	689	452	619	82	652	333	1626	425	540	46	0	676	75	0	23
ASV_52	113	136	0	40	121	0	324	205	0	454	188	245	502	376	666	465	510	109	583	268	1359	412	429	31	4	15	0	0	0
ASV_53	20	70	38	37	30	9	10	39	49	44	641	325	450	243	574	112	301	268	420	156	369	326	101	333	437	364	475	412	249
ASV_54	1888	265	1284	1271	121	5018	950	1127	444	1671	2	3	5	7	0	0	0	4	3	0	3	0	0	0	0	0	0	0	0
ASV_55	40	210	192	70	75	133	116	151	142	193	477	348	359	725	559	308	60	253	536	83	198	264	35	105	215	187	205	242	103
ASV_56	89	296	469	223	282	390	324	496	638	410	260	152	272	356	383	315	75	218	280	83	113	105	15	92	222	235	164	295	166
ASV_57	10	8	0	0	3	53	0	306	0	0	94	86	72	14	11	234	2255	832	102	719	93	19	76	52	40	110	36	65	130
ASV_58	2491	152	1322	549	161	555	436	132	765	254	12	3	0	3	4	7	0	8	0	0	26	16	5	0	0	0	0	29	482
ASV_59	3	16	0	0	0	53	3	186	0	0	51	43	37	7	23	220	1900	529	72	681	76	16	146	62	55	103	22	26	100
ASV_6	3184	5621	11217	8382	7814	11181	283	14291	8171	9836	29	196	20	31	15	13	30	4	0	32	0	9	25	0	106	77	19	36	10
ASV_60	2120	257	1268	459	111	510	255	163	632	171	0	3	0	0	4	0	0	0	3	0	6	3	0	3	4	0	0	3	133
ASV_61	3	16	17	20	13	13	34	0	46	236	29	345	423	82	230	456	328	233	65	41	433	791	1226	31	106	48	22	13	342
ASV_62	1514	121	494	259	321	177	347	225	6	102	106	10	40	140	65	110	47	264	78	47	375	440	146	9	87	4	103	29	149
ASV_63	222	117	105	116	279	22	89	139	56	69	188	83	1605	164	65	4	94	78	51	168	180	298	192	592	477	125	272	69	30
ASV_64	80	39	88	96	62	852	17	167	188	22	200	438	467	250	65	499	328	136	51	327	52	239	262	111	306	59	106	360	621
ASV_65	43	105	96	23	69	98	58	43	89	102	460	272	359	212	501	124	182	303	249	109	207	167	71	234	240	180	228	213	193
ASV_66	40	230	226	146	223	200	194	310	404	272	116	106	158	164	203	292	90	128	140	59	55	96	10	55	69	129	133	144	173
ASV_67	404	394	368	516	377	368	160	391	173	247	34	17	178	126	38	213	42	58	72	121	134	329	131	290	182	151	81	173	156
ASV_68	3	82	0	0	272	0	2013	15	0	0	0	0	22	55	15	63	201	544	55	159	474	307	76	237	4	2597	8	10	40
ASV_69	60	78	75	86	95	115	24	74	77	113	540	136	418	475	777	297	65	229	437	88	247	298	25	136	419	286	347	550	259
ASV_7	142	647	4	90	23	4	187	566	6	4	639	6987	12583	3517	3240	7	2648	39	3145	1424	4017	3838	2825	6137	877	2332	144	1670	1724
ASV_70	36	366	368	213	239	342	358	527	657	410	253	212	294	465	367	238	77	190	348	68	145	149	10	43	186	253	203	295	136
ASV_71	7	82	126	100	72	133	48	54	404	189	268	235	415	499	800	281	99	190	249	121	102	267	0	92	375	169	230	190	86
ASV_72	775	873	904	249	439	519	157	968	231	203	89	20	124	44	19	2	149	47	123	74	163	115	227	185	102	77	183	190	143
ASV_73	613	1688	414	446	1613	0	0	0	0	0	0	0	0	0	0	0	0	0	0	0	0	0	0	0	0	0	0	0	0
ASV_74	76	179	456	146	118	138	31	77	130	73	46	438	218	14	122	378	147	101	174	578	20	65	50	160	197	228	75	82	472
ASV_75	40	776	79	0	39	120	565	12	6	0	65	7	129	27	237	216	196	179	153	304	1079	68	303	3	1442	305	1052	43	392
ASV_76	13	569	0	283	111	0	14	8	0	7	7	126	265	62	184	418	65	478	34	65	93	251	489	74	106	261	58	75	648
ASV_77	772	409	682	103	193	204	514	209	296	487	7	23	69	68	23	160	22	93	72	41	44	180	76	65	91	353	11	29	113
ASV_78	1063	3793	360	366	649	142	1076	201	34	25	0	3	0	0	0	52	2	136	0	6	3	16	0	0	4	11	0	13	0
ASV_79	73	460	360	319	515	373	153	329	546	418	656	517	544	427	681	560	659	486	460	377	305	437	172	382	484	683	777	753	820
ASV_8	431	744	741	682	731	621	310	538	509	538	2729	2161	1901	2338	2785	2580	2347	2021	2483	2359	1926	2682	1831	2592	2319	2024	3262	2913	2498
ASV_80	43	133	126	27	85	80	61	77	52	54	140	212	153	41	50	133	174	148	34	254	35	251	136	108	55	66	139	85	232
ASV_81	1670	456	79	3243	23	3940	112	19	6	1769	2	0	2	3	0	0	0	0	0	0	0	0	0	0	0	0	0	0	0
ASV_82	212	288	527	116	269	151	68	407	234	120	99	50	17	202	1029	130	303	8	55	315	12	226	605	37	29	26	47	13	23
ASV_83	13	0	0	30	85	18	14	4	0	22	256	80	121	157	84	49	20	27	17	62	52	3	131	620	695	140	275	419	1827
ASV_84	4039	136	1904	948	144	918	1117	132	863	410	5	0	0	3	4	2	2	0	0	6	15	9	10	3	0	15	0	10	56
ASV_85	142	179	54	7	138	35	157	267	6	109	48	30	5	65	0	58	50	245	58	139	303	1491	353	247	22	81	33	49	43
ASV_86	255	129	837	592	433	13	726	953	281	1522	0	0	0	0	0	0	0	0	0	0	0	0	0	0	0	0	0	0	0
ASV_87	1133	320	176	57	226	155	106	364	216	458	159	7	22	24	23	20	12	241	41	29	38	105	187	55	87	51	33	23	17
ASV_88	192	912	916	652	790	701	310	829	1283	915	1864	965	1506	1193	1966	834	1002	1205	1573	554	1027	1119	212	663	1412	1697	1685	1758	1415
ASV_89	20	74	184	77	105	142	72	151	811	298	133	146	242	390	417	238	37	93	119	80	38	102	10	34	182	99	58	92	40
ASV_9	788	2237	1092	1068	807	1327	65	697	820	926	2052	5817	2230	2034	1944	2063	4424	2220	1020	2170	1376	998	10473	1985	1744	1634	2371	1342	3321
ASV_90	3	0	0	0	0	0	7607	178	6	18	0	0	0	0	0	0	0	0	10	0	3	6	0	0	0	0	0	0	0
ASV_91	209	1103	8	0	10	0	68	3064	6	29	0	13	5	0	0	0	0	0	7	0	0	0	0	0	15	0	3	0	0
ASV_92	23	0	54	555	2161	0	0	0	15	265	0	0	0	0	0	0	0	0	0	0	0	0	0	0	0	929	3	0	50
ASV_93	3	0	0	0	0	4	0	4	3	0	46	7	64	68	38	1047	112	78	106	407	6	171	1791	62	18	11	6	124	0
ASV_94	27	97	134	67	59	102	65	120	102	142	362	219	277	468	582	270	112	214	467	77	172	242	10	133	258	191	289	301	126
ASV_95	335	133	213	2212	82	1318	3134	178	93	2306	0	7	0	0	0	0	0	0	0	0	0	0	0	0	0	0	0	0	0
ASV_96	229	148	1146	73	236	386	58	244	222	131	121	106	47	314	295	40	385	148	68	83	294	115	575	197	22	176	44	291	133
ASV_97	27	246	13	3	10	13	0	97	15	4	65	3	1375	48	31	9	15	117	55	38	230	6	86	9	517	4	17	599	7
ASV_98	17	74	71	47	46	106	82	151	71	105	260	106	136	256	432	153	20	128	235	32	113	112	20	46	131	110	192	177	50
ASV_99	33	94	218	110	66	89	41	128	447	225	306	285	406	588	1006	409	119	229	307	212	137	291	40	151	400	253	250	321	153
